25
4 20
2 1 4 4
4 1 3
2 1 2
3 0
3 1 2
1 2 4 3
3 0
1 1 2
1 2 1 1
3 1 3
4 2 2 2
1 0
4 1 4
3 1 4
1 0
2 2 3 1
4 1 3
3 2 3 1
1 0
4 0
4 2 1 4
1 4
1
1 0
1 2 1 3
2 0
3 1 2
7 10
3 3 6 1 6 3 6
3 2 6 6
4 4 2 2 4 5
4 4 5 1 4 5
6 1 2
1 1 1
3 2 5 5
5 3 5 6 4
4 2 4 1
4 0
1 3 5 1 1
3 20
3 1 1
3 1 3
1 0
3 0
2 0
3 2 1 2
3 2 3 1
2 1 3
2 2 1 3
3 0
2 2 3 3
3 1 2
1 1 2
1 1 2
2 1 1
3 2 2 3
2 0
1 0
3 3 1 3 2
3 3 2 1 2
3 4 1 1 2 1
3 20
3 1 3
4 1 2
1 2 2 2
3 1 2
3 2 4 1
3 3 2 4 2
1 2 2 4
2 2 4 2
2 0
4 0
4 4 1 4 2 4
3 1 2
4 3 4 1 1
3 3 3 2 1
4 4 3 2 4 1
4 0
4 0
2 1 2
3 5 2 4 2 1 3
1 3 3 2 1
3 0
3 15
3 1 2
1 3 3 3 3
2 3 3 2 2
1 3 2 1 1
2 0
2 1 3
1 4 2 3 3 2
2 0
2 1 3
2 3 3 1 2
2 3 3 1 3
1 3 1 1 2
3 4 1 3 3 2
2 3 3 1 3
2 1 1
3 3 1 1 3
1 1
2
2 0
4 20
1 3 2 3
3 1 3
2 1 2
1 2 1 1
3 0
3 2 2 2
1 1 1
2 2 2 1
3 4 3 3 1 2
3 2 2 1
3 0
1 1 2
2 3 3 2 3
2 0
2 1 1
3 0
3 2 1 1
2 0
2 2 2 3
1 1 3
3 0
1 1
2
1 1 1
1 20
5
2 1 18
15 1 2
1 2 18 15
16 1 1
20 3 14 15 16
4 1 20
3 2 12 4
18 2 8 3
17 1 18
12 1 17
13 3 8 12 12
7 1 13
19 1 7
6 1 19
14 1 6
11 1 14
10 3 17 11 4
8 1 10
9 1 8
5 1 9
3 19
1 1 1
1 0
1 0
1 0
1 0
1 0
1 0
1 1 1
1 1 1
1 1 1
1 1 1
1 1 1
1 1 1
1 1 1
1 1 1
1 1 1
1 2 1 1
1 2 1 1
1 2 1 1
1 2 1 1
1 1
2
1 3 1 2 3
10 20
1 2 3 4 5 6 7 8 9 10
2 1 2
4 0
1 1 1
5 0
5 1 5
4 1 4
1 0
9 1 9
3 1 3
6 1 6
7 0
10 0
8 1 8
3 0
10 1 10
9 0
2 0
7 1 7
8 0
6 0
1 1
2
2 3 1 2 3
3 5
1 2 1
2 2 2 2
1 1 2
2 2 1 1
2 1 1
1 0
3 20
3 2 2
1 0
2 3 2 2 2
1 0
2 1 3
2 1 3
1 1 2
1 2 2 2
1 1 2
3 0
1 2 2 3
3 3 2 2 1
1 2 3 2
2 1 2
3 3 3 1 2
3 1 1
1 1 1
3 0
1 2 2 2
2 1 1
1 2 1 1
2 9
13 13
13 0
13 1 13
13 1 13
13 2 13 13
13 1 13
13 1 13
13 0
13 1 13
13 0
2 13
2 2
2 1 2
2 1 2
2 1 2
2 0
2 2 2 2
2 3 2 2 2
2 0
2 0
2 1 2
2 0
2 0
2 1 2
2 0
23 5
1 4 1 1 4 2 1 3 3 1 3 2 3 4 3 4 3 4 2 2 2 2 2
4 3 2 4 2
3 0
2 0
2 0
4 3 1 4 1
4 15
1 1 2 1
1 1 1
2 3 3 3 3
1 2 2 2
2 3 3 2 3
1 3 3 2 2
1 0
1 0
3 2 1 2
3 0
2 2 2 2
2 3 2 1 2
1 0
3 1 3
1 1 2
2 5 2 3 2 2 3
3 20
16 12 10
20 1 13
4 4 13 1 14 18
8 2 7 1
15 1 9
10 2 7 19
19 2 13 15
5 1 11
6 2 5 8
14 1 5
3 2 14 7
9 1 20
2 2 17 16
11 3 19 17 13
16 3 10 6 20
18 1 14
17 1 12
13 2 16 2
1 1 3
12 2 5 10
7 3 17 3 4
20 15
2 1 4 4 4 5 2 2 5 3 3 3 3 3 4 5 2 3 1 3
4 0
5 3 1 1 3
5 1 2
2 2 4 4
5 0
1 2 2 3
4 3 4 4 1
5 1 5
2 3 5 2 4
3 1 1
4 1 5
4 0
1 3 5 3 2
3 0
2 0
1 2
2
2 0
2 1 2
3 3
1 1 1
1 0
1 0
1 0
3 10
2 1 1
1 0
2 1 1
2 3 1 1 1
1 1 2
2 0
1 2 1 1
1 3 1 2 2
1 0
1 2 2 1
2 2 1 2
