25
3 20
2 2 1
1 1 1
2 2 3 2
1 2 3 2
2 2 2 1
2 1 2
1 0
3 3 1 1 3
3 1 1
1 1 3
3 2 2 2
3 1 1
2 2 3 2
2 1 2
1 1 3
3 2 2 3
1 0
1 2 3 2
3 2 1 1
3 1 2
2 0
1 1
2
2 3 1 2 3
2 9
13 13
13 1 13
13 1 13
13 1 13
13 2 13 13
13 1 13
13 1 13
13 0
13 0
13 0
1 1
2
1 1 1
1 1
2
2 0
20 15
4 1 3 5 3 3 3 5 2 1 5 2 2 5 3 4 4 1 4 5
2 2 3 1
5 2 4 4
3 0
3 0
3 1 3
5 1 4
1 0
3 3 3 3 4
1 1 5
1 2 5 3
2 1 1
1 5 4 3 5 3 5
1 0
4 1 4
2 1 4
2 20
8 12
15 2 16 18
7 3 4 11 6
16 5 14 6 6 4 20
8 1 1
13 1 19
19 1 7
12 2 7 8
18 1 5
5 1 11
10 2 9 17
2 3 20 3 15
3 1 13
9 2 7 10
17 2 19 14
20 1 16
14 1 14
1 2 4 20
6 1 15
4 3 18 2 17
11 3 3 12 9
1 2
2
2 0
2 1 2
1 4
1
1 0
1 2 1 3
2 0
3 1 2
3 10
2 2 2
1 0
2 1 1
2 1 2
1 2 1 2
2 0
2 1 2
1 1 1
1 4 2 1 2 1
2 2 1 1
2 2 2 1
2 20
1 2
2 1 2
3 1 3
2 0
1 3 2 3 3
3 3 3 1 1
2 3 3 1 2
2 0
3 1 3
2 0
1 2 3 3
1 1 3
2 0
1 0
2 0
3 0
1 3 2 2 2
3 0
3 4 3 2 1 2
2 0
1 1 2
1 20
3
1 1 2
3 2 1 2
2 1 1
2 0
1 2 4 1
2 1 3
4 0
2 1 1
4 1 4
1 3 3 2 1
1 0
4 0
3 5 2 2 3 3 2
4 1 4
2 4 2 2 4 1
3 2 4 2
3 0
3 1 3
1 1 2
4 1 3
2 15
2 2
2 0
3 2 3 3
3 0
3 0
1 1 1
2 1 1
3 2 3 1
3 0
1 1 3
1 1 2
2 4 1 1 3 2
2 2 1 2
2 0
2 6 3 3 3 3 1 2
3 1 3
1 20
18
2 1 17
6 2 18 2
17 1 6
16 1 17
20 1 16
7 3 3 5 20
8 1 7
14 1 8
5 2 12 14
12 1 5
1 2 19 12
11 1 1
10 1 11
13 1 10
4 1 13
3 3 10 16 4
15 1 3
19 1 15
9 1 19
18 3 16 4 9
3 5
1 2 2
1 1 1
2 1 2
2 1 1
2 1 2
1 2 1 1
23 5
2 1 1 4 2 1 1 1 4 4 2 1 1 4 3 1 4 3 3 4 1 4 4
3 0
4 3 4 3 2
4 0
2 2 2 1
2 1 3
2 13
2 2
2 1 2
2 0
2 1 2
2 3 2 2 2
2 1 2
2 1 2
2 1 2
2 0
2 2 2 2
2 0
2 0
2 0
2 0
1 20
1
3 0
3 3 2 2 3
2 1 1
3 1 3
1 0
2 1 3
1 2 1 1
3 2 1 2
3 0
1 3 3 1 3
1 2 3 1
1 3 1 1 2
3 1 2
3 2 3 3
3 0
2 2 1 2
2 2 2 3
2 1 1
3 0
1 0
1 1
2
1 3 1 2 3
10 20
1 2 3 4 5 6 7 8 9 10
5 0
6 0
4 1 4
2 0
8 1 8
1 0
10 0
1 1 1
10 1 10
6 1 6
9 1 9
2 1 2
8 0
9 0
7 1 7
3 1 3
3 0
7 0
5 1 5
4 0
2 20
2 3
4 2 2 2
1 1 2
3 0
1 2 3 2
4 2 4 2
2 0
4 2 3 3
3 2 4 4
2 2 1 4
1 1 3
4 1 2
2 0
2 4 2 1 2 4
2 3 1 4 3
3 3 3 2 4
1 1 3
1 1 2
3 1 1
2 1 3
3 0
3 10
3 2 4
4 2 3 5
3 2 5 6
5 0
2 2 4 2
6 2 1 1
1 2 2 1
3 3 2 1 4
2 2 4 3
2 2 1 1
1 0
3 3
1 1 1
1 0
1 0
1 0
4 15
3 2 2 3
3 6 3 1 2 2 1 1
1 5 1 1 3 3 3
1 1 3
3 4 3 2 2 3
1 1 2
1 1 3
1 0
3 0
1 1 2
3 0
3 1 1
2 1 2
1 2 3 3
1 1 2
3 3 3 2 1
3 19
1 1 1
1 0
1 0
1 0
1 0
1 0
1 0
1 1 1
1 1 1
1 1 1
1 1 1
1 1 1
1 1 1
1 1 1
1 1 1
1 1 1
1 2 1 1
1 2 1 1
1 2 1 1
1 2 1 1
