25
1 15
2
1 1 3
3 2 2 3
3 1 2
2 0
2 2 2 3
3 0
1 2 1 3
3 3 1 1 3
1 0
1 2 3 1
1 1 1
2 1 1
3 2 2 2
3 0
2 2 1 1
1 1
2
1 1 1
1 4
1
1 0
1 2 1 3
2 0
3 1 2
1 2
2
2 0
2 1 2
3 20
1 3 3
1 0
3 0
2 1 1
1 0
1 0
2 0
3 1 3
1 1 1
2 3 2 3 1
3 1 1
2 1 3
2 1 2
1 4 2 2 2 2
1 1 2
1 2 3 3
3 3 1 2 1
2 2 3 2
3 2 1 1
1 3 1 1 1
3 1 1
23 5
2 4 1 1 2 1 3 2 3 1 4 2 3 2 1 2 3 4 1 4 2 4 3
1 2 1 1
3 0
2 0
2 2 3 2
1 2 1 3
2 15
2 1
1 1 2
1 2 2 1
1 3 3 3 1
2 1 3
1 1 2
2 0
1 2 3 1
1 5 2 1 3 1 3
3 1 1
1 2 1 2
2 4 1 2 2 3
1 1 2
1 0
2 5 2 3 3 3 3
1 1 3
1 1
2
2 0
2 9
13 13
13 2 13 13
13 0
13 1 13
13 1 13
13 1 13
13 1 13
13 0
13 0
13 1 13
5 20
3 2 2 3 2
2 2 1 2
2 2 1 2
1 3 2 1 1
2 1 1
1 4 3 3 1 1
3 0
2 1 1
3 1 2
3 1 3
3 1 1
2 1 3
3 1 2
3 2 1 1
3 1 1
3 3 1 1 3
2 2 1 1
1 1 1
2 1 1
3 1 2
2 3 2 3 1
20 15
3 1 4 5 1 4 1 5 2 2 3 1 2 3 3 5 1 5 5 5
3 2 4 2
5 2 1 2
4 3 5 1 2
1 4 1 5 3 4
1 3 4 4 3
2 0
4 2 1 5
3 0
3 1 2
3 0
5 0
2 0
3 0
4 2 1 3
1 1 4
1 1
2
2 3 1 2 3
2 10
5 2
1 4 2 6 2 5
1 0
6 1 2
3 3 3 2 1
6 2 3 3
2 0
1 2 1 1
4 1 1
2 1 6
1 6 1 3 4 6 1 5
3 20
3 1 4
1 2 1 4
1 2 4 2
3 2 1 1
4 0
2 1 4
3 2 4 4
2 1 1
1 3 2 1 3
4 3 2 2 4
2 2 1 4
3 3 4 3 4
3 4 1 2 2 4
3 3 4 2 3
4 3 2 3 2
4 0
3 1 4
2 2 2 3
3 2 4 1
2 1 2
2 0
3 19
1 1 1
1 0
1 0
1 0
1 0
1 0
1 0
1 1 1
1 1 1
1 1 1
1 1 1
1 1 1
1 1 1
1 1 1
1 1 1
1 1 1
1 2 1 1
1 2 1 1
1 2 1 1
1 2 1 1
4 20
1 3 2 1
2 0
3 0
2 1 2
2 1 3
4 1 1
4 1 2
3 1 3
3 1 4
1 0
1 0
1 0
3 4 4 2 3 1
3 3 4 1 3
3 2 3 2
1 1 2
4 0
3 1 2
4 0
2 0
2 2 3 4
10 20
1 2 3 4 5 6 7 8 9 10
2 1 2
9 1 9
6 0
10 0
8 0
2 0
10 1 10
1 1 1
6 1 6
7 1 7
4 0
4 1 4
3 0
7 0
3 1 3
1 0
5 1 5
8 1 8
9 0
5 0
1 1
2
1 3 1 2 3
3 5
2 1 1
2 1 1
2 0
1 3 1 2 1
1 2 2 2
1 0
3 3
1 1 1
1 0
1 0
1 0
2 20
4 15
11 1 10
12 2 9 19
14 1 2
4 1 3
1 2 4 6
7 2 20 9
5 2 10 17
2 2 1 16
10 2 2 5
8 1 11
15 1 18
19 1 13
6 4 3 2 4 16
17 2 6 1
9 4 1 14 14 14
18 1 7
16 5 10 9 15 20 20
3 2 6 12
13 1 8
20 1 5
3 10
2 2 2
2 1 2
2 1 2
2 3 2 2 2
2 2 2 2
2 0
1 1 2
2 0
1 0
1 3 2 1 2
2 3 2 2 2
2 13
2 2
2 1 2
2 1 2
2 0
2 1 2
2 0
2 0
2 0
2 3 2 2 2
2 2 2 2
2 1 2
2 1 2
2 0
2 0
1 20
16
6 2 19 6
18 1 6
17 2 13 18
11 3 3 4 17
9 2 15 11
20 1 9
12 1 20
4 1 12
7 2 17 4
10 1 7
13 3 17 15 10
15 1 13
2 1 15
5 1 2
8 1 5
1 1 8
14 1 1
19 2 8 14
3 1 19
16 1 3
3 20
1 2 2
3 2 3 1
1 3 1 3 1
2 5 1 1 3 1 1
2 4 3 2 2 1
1 2 2 2
3 4 1 2 1 1
3 1 2
3 1 2
2 0
2 1 3
3 3 2 1 1
2 1 1
3 3 2 1 1
2 0
3 0
3 1 3
2 3 1 3 2
1 0
3 1 3
2 2 2 2
