25
3 5
2 1 2
2 2 1 2
1 2 2 2
1 0
1 2 2 1
2 0
4 20
3 1 3 1
2 0
2 2 2 3
1 0
3 2 3 3
2 1 2
2 2 2 3
3 2 3 1
3 2 2 1
3 1 3
1 1 3
1 3 2 1 1
1 1 3
2 1 1
1 1 3
2 2 3 2
3 2 1 3
2 1 3
2 1 3
3 2 3 2
3 0
5 10
3 3 4 1 5
3 0
6 1 3
5 1 1
6 3 5 6 6
1 0
4 1 5
3 0
4 3 2 1 4
4 3 6 5 4
6 0
1 20
11
1 1 5
14 1 1
20 1 14
19 2 19 20
6 1 19
8 2 9 6
18 4 5 7 7 8
2 1 18
4 1 2
9 1 4
7 1 9
3 2 5 7
5 1 3
12 2 5 5
17 1 12
16 2 9 17
15 2 15 16
13 1 15
10 1 13
11 1 10
3 3
1 1 1
1 0
1 0
1 0
2 20
4 15
13 3 20 12 13
2 1 1
4 1 5
14 2 11 13
11 3 12 13 17
7 1 16
1 1 10
5 1 2
16 2 19 18
6 2 19 3
15 3 8 9 11
20 2 5 7
17 3 15 14 7
18 2 14 8
19 2 18 6
3 1 4
9 1 2
12 4 2 20 16 17
10 1 9
8 2 13 19
1 4
1
1 0
1 2 1 3
2 0
3 1 2
1 20
3
4 2 4 1
4 2 3 4
4 4 2 1 2 4
3 1 4
3 0
3 2 1 1
3 3 1 1 2
4 0
3 2 1 3
2 4 4 1 4 4
4 3 4 2 2
3 2 1 1
2 0
1 1 1
2 4 3 2 1 2
2 3 2 1 2
1 2 2 1
3 1 1
4 1 4
3 2 1 3
10 20
1 2 3 4 5 6 7 8 9 10
7 0
1 0
5 1 5
6 1 6
2 1 2
9 0
4 1 4
9 1 9
10 0
3 0
3 1 3
7 1 7
6 0
8 0
4 0
10 1 10
5 0
1 1 1
8 1 8
2 0
1 1
2
1 3 1 2 3
1 1
2
2 0
3 19
1 1 1
1 0
1 0
1 0
1 0
1 0
1 0
1 1 1
1 1 1
1 1 1
1 1 1
1 1 1
1 1 1
1 1 1
1 1 1
1 1 1
1 2 1 1
1 2 1 1
1 2 1 1
1 2 1 1
1 1
2
2 3 1 2 3
3 15
2 2 1
1 4 1 2 3 3
1 0
2 2 3 2
2 2 1 2
3 1 2
2 1 1
1 0
1 0
1 0
3 0
2 3 1 1 1
1 2 3 3
2 0
2 0
3 1 3
3 10
1 2 1
2 0
2 3 2 1 1
1 2 2 2
2 1 1
2 0
1 3 2 1 2
1 1 2
2 1 2
1 1 2
1 2 2 1
1 1
2
1 1 1
3 20
3 3 3
2 0
2 1 3
1 0
1 2 1 1
1 3 3 2 2
2 0
1 4 2 3 2 3
1 2 1 1
1 1 1
3 0
2 3 1 1 2
1 2 2 3
3 1 2
1 1 3
3 0
1 2 2 3
3 2 1 1
2 0
3 3 1 1 3
1 0
2 9
13 13
13 1 13
13 1 13
13 1 13
13 2 13 13
13 0
13 0
13 1 13
13 0
13 1 13
3 20
2 2 2
2 3 3 3 2
1 0
1 0
1 0
1 1 1
3 4 1 3 2 3
3 1 1
3 0
2 0
3 2 2 2
2 2 3 2
3 4 3 1 3 3
1 0
3 0
2 2 2 3
2 4 1 1 2 3
1 1 1
2 0
1 1 3
1 2 3 1
23 5
1 2 1 2 2 3 2 4 2 1 4 1 3 2 4 3 1 3 2 1 4 3 1
4 2 2 2
3 1 1
2 0
3 2 4 2
4 1 4
2 20
3 4
4 1 3
2 2 2 4
1 0
2 2 1 3
2 0
2 1 3
1 4 1 1 1 4
4 0
2 1 2
3 3 3 2 4
3 1 2
1 0
2 2 2 1
2 1 2
4 3 3 2 1
3 3 1 4 3
4 0
2 1 2
2 1 2
4 0
1 2
2
2 0
2 1 2
2 13
2 2
2 0
2 1 2
2 1 2
2 1 2
2 0
2 0
2 0
2 0
2 1 2
2 3 2 2 2
2 2 2 2
2 1 2
2 0
20 15
5 3 4 4 1 4 1 5 3 4 2 3 2 3 2 4 4 3 1 4
3 0
4 0
3 0
3 2 3 3
1 4 5 2 3 1
4 3 3 2 4
4 1 2
2 1 2
4 1 5
5 1 1
4 2 4 3
3 1 3
2 0
2 2 5 2
3 2 5 5
6 15
2 3 2 2 2 2
1 2 3 2
3 5 1 3 1 2 1
3 1 2
2 2 3 3
3 1 2
3 1 2
2 2 1 1
2 3 1 2 2
3 1 1
1 1 2
3 1 2
1 4 1 2 2 3
1 2 1 1
3 2 2 1
1 2 1 1
