100
3 8
5 6 9 4 8 2 1 7
3 1
2
3 10
2 4 8 16 32 64 100 100 100 100
3 10
1 4 4 4 4 4 4 4 4 4
100 1
100
3 5
11 20 60 22 100
2 10
100 100 100 100 100 100 100 100 100 100
3 5
100 100 100 100 100
3 4
1 6 12 49
2 6
9 64 19 16 81 80
1 10
100 100 100 100 100 100 100 100 100 100
1 10
1 1 1 1 1 1 1 1 1 1
17 8
14 4 59 20 1 34 12 30
20 5
16 1 55 85 21
22 5
69 60 2 43 14
5 5
29 61 31 1 2
12 6
92 1 21 67 7 1
1 6
37 87 20 20 1 2
18 5
89 64 2 29 40
13 9
22 11 22 1 6 6 3 86 18
7 7
2 10 58 21 18 83 15
9 4
1 48 1 34
10 8
18 6 31 2 2 8 97 2
1 6
38 87 44 86 66 24
1 4
73 46 76 55
1 6
1 24 11 15 67 12
1 9
73 9 30 17 2 59 68 1 10
6 5
11 2 9 1 39
17 7
68 5 3 18 7 31 39
6 1
71
7 6
82 69 39 17 1 9
2 4
9 24 64 1
1 6
11 8 86 70 12 89
21 5
55 1 50 13 1
1 3
21 79 45
2 2
1 88
9 1
31
6 4
98 1 12 68
1 2
84 14
2 5
15 1 13 87 74
1 2
65 46
10 3
79 41 86
2 4
1 53 91 31
3 3
5 28 1
7 6
6 67 84 1 2 76
3 2
13 7
10 4
2 29 28 46
17 1
1
13 9
18 47 1 88 5 18 3 5 16
6 3
67 2 4
1 4
11 4 6 57
21 7
26 44 1 78 87 36 1
1 8
3 55 27 92 1 8 87 32
6 8
4 32 1 18 6 99 58 86
18 4
75 2 78 9
1 4
41 76 1 58
18 8
17 1 83 45 52 2 53 2
1 7
7 51 60 8 2 7 61
2 9
2 12 58 88 57 20 46 33 2
4 5
28 23 32 62 50
1 1
16
16 2
11 17
16 5
2 17 3 33 51
2 5
30 41 5 4 9
11 5
33 1 47 54 43
6 8
12 1 53 1 41 14 56 6
24 1
14
23 9
46 11 60 93 47 1 7 60 8
1 4
5 80 10 79
1 7
12 20 81 54 19 18 17
20 8
30 43 10 25 4 2 55 74
18 4
1 76 11 22
15 5
9 38 3 53 33
4 3
12 30 56
2 3
1 9 19
6 6
54 1 23 6 5 19
1 5
48 1 2 76 83
7 8
1 27 49 42 17 2 2 21
7 5
99 43 65 32 74
9 3
38 40 6
5 9
1 4 13 1 1 2 13 41 4
1 6
8 43 26 50 65 9
3 2
1 97
1 6
63 93 28 6 1 60
8 3
20 48 25
4 7
79 2 29 3 48 1 5
1 3
78 1 8
3 2
36 76
5 4
10 10 39 36
24 3
85 6 1
2 5
5 3 5 1 10
10 1
96
8 5
1 21 8 8 64
2 7
21 99 26 36 15 46 76
2 4
4 89 82 30
25 9
13 8 25 38 38 89 66 77 37
11 4
28 1 7 31
17 6
48 14 12 1 65 30
2 2
6 90
3 1
14
