100
3 8
5 6 9 4 8 2 1 7
3 1
2
3 10
2 4 8 16 32 64 100 100 100 100
3 10
1 4 4 4 4 4 4 4 4 4
100 1
100
3 5
11 20 60 22 100
2 10
100 100 100 100 100 100 100 100 100 100
3 5
100 100 100 100 100
3 4
1 6 12 49
2 6
9 64 19 16 81 80
1 10
100 100 100 100 100 100 100 100 100 100
1 10
1 1 1 1 1 1 1 1 1 1
9 4
97 97 22 8
6 9
1 15 11 35 54 66 10 2 52
5 2
39 56
4 9
42 7 18 99 60 31 20 19 71
1 1
99
11 3
64 62 71
6 7
78 19 67 5 1 1 64
1 5
98 65 11 11 78
1 5
4 3 43 5 33
4 7
1 22 62 2 3 1 49
23 1
17
14 6
89 49 2 69 9 32
6 3
2 20 81
20 1
77
17 4
78 23 2 2
4 7
62 2 36 6 9 47 87
19 9
43 1 2 31 3 40 1 3 3
10 1
69
25 2
5 40
1 7
53 1 13 26 56 19 6
22 6
90 6 45 50 89 54
1 8
56 1 64 9 93 10 1 7
17 8
58 25 29 48 54 63 1 84
1 5
77 56 19 91 94
23 9
18 21 86 46 9 19 2 73 1
1 5
2 1 20 12 23
7 5
39 6 17 1 11
6 1
33
13 9
68 9 1 2 17 44 1 34 38
7 6
8 38 2 93 12 6
8 8
88 14 96 17 30 92 7 26
9 5
2 32 57 16 74
3 4
52 1 42 95
1 4
10 8 1 30
23 2
78 19
16 8
68 37 6 40 1 2 1 72
13 7
57 8 78 9 20 29 7
6 1
25
1 2
76 82
5 6
43 1 85 40 75 29
13 4
7 5 82 76
21 1
86
12 1
14
14 2
11 47
6 6
60 15 57 19 53 13
1 5
50 10 10 97 22
14 5
65 1 8 49 87
6 8
62 96 21 43 2 27 3 22
3 3
27 61 31
15 2
64 68
19 7
9 27 73 7 1 14 53
22 4
93 39 51 1
18 9
82 92 14 40 1 50 12 94 92
1 9
3 70 2 46 69 9 1 92 68
8 6
54 50 26 37 26 5
10 4
83 4 8 40
24 3
60 6 16
24 3
61 86 73
17 8
33 1 6 3 75 45 31 26
7 1
16
2 2
33 2
1 3
1 26 58
16 7
27 1 55 72 8 57 25
14 9
57 1 1 62 10 58 74 30 77
20 2
29 2
18 7
10 75 81 1 76 37 66
15 7
4 9 25 29 81 1 65
14 1
45
24 9
57 55 80 1 24 42 14 1 28
3 1
64
1 9
82 10 47 5 3 73 15 60 33
1 7
39 60 6 31 25 4 6
1 4
92 63 15 81
2 1
20
8 3
4 1 1
15 5
1 9 99 4 65
12 5
43 33 34 20 41
9 5
6 31 17 48 95
6 6
2 91 31 80 98 6
10 7
76 3 1 5 36 15 13
15 4
1 22 90 31
7 3
26 78 5
11 9
47 61 75 19 29 89 80 13 10
4 4
1 60 88 15
1 6
10 1 3 2 83 24
21 5
35 74 33 8 2
6 9
14 27 14 7 62 35 1 71 1
9 8
99 62 9 1 99 5 28 6
