20
2 5
0.600000 0.600000
1 20
1.000000
3 4
1.000000 0.900000 0.100000
2 60
0.430935 0.353763
2 4
0.000010 0.000001
3 4
0.999999 1.000000 0.517537
3 10
0.993962 0.075716 0.987299
3 10
0.196205 0.804647 0.199685
1 3
0.000008
2 7
0.045413 0.822728
3 100
0.017107 0.251242 0.347733
2 3
0.999999 0.999999
3 5
0.197992 0.948564 0.143874
3 17
0.201651 0.023197 0.122373
3 42
0.999998 0.999999 0.999998
2 5
0.811297 0.201855
3 10
0.872377 0.905460 0.007761
3 42
0.000008 0.000009 0.000002
2 7
0.959848 0.093146
1 4
0.999999
