1000
181 731
71 756
19 295
97 395
77 478
219 882
150 606
178 718
59 917
77 477
35 71
321 643
155 311
317 635
152 305
1 1000
166 670
166 669
166 671
166 842
187 754
187 753
187 755
187 827
12 969
12 968
12 970
12 971
17 215
17 214
17 216
17 267
183 367
183 654
250 501
250 927
43 273
43 272
43 274
43 338
344 689
344 707
114 699
114 698
114 700
114 917
419 839
419 998
407 815
407 818
46 190
46 189
46 191
46 283
148 598
148 597
148 599
148 868
284 569
284 689
105 426
105 425
105 427
105 479
405 811
405 952
312 625
312 981
101 621
101 620
101 622
101 775
285 571
285 935
276 553
276 685
30 268
30 267
30 269
30 273
329 659
329 670
333 667
333 976
125 765
125 764
125 766
125 883
93 772
93 771
93 773
93 801
44 380
44 379
44 381
44 449
104 860
104 859
104 861
104 896
98 603
98 602
98 604
98 649
70 141
70 256
457 915
457 988
112 225
112 355
175 351
175 402
112 687
112 686
112 688
112 755
307 615
307 909
123 247
123 424
393 787
393 847
134 269
134 462
206 413
206 461
147 295
147 345
2 189
2 188
2 190
2 208
74 149
74 167
89 740
89 739
89 741
89 862
106 430
106 429
106 431
106 633
7 645
7 644
7 646
7 686
125 506
125 505
125 507
125 601
26 900
26 899
26 901
26 909
22 715
22 714
22 716
22 757
333 667
333 798
103 852
103 851
103 853
103 907
53 107
53 169
75 465
75 464
75 466
75 625
102 205
102 365
8 248
8 247
8 249
8 277
150 606
150 605
150 607
150 624
286 573
286 920
270 541
270 954
24 504
24 503
24 505
24 525
105 211
105 413
158 963
158 962
158 964
158 995
459 919
459 945
273 547
273 758
123 498
123 497
123 499
123 698
6 261
6 260
6 262
6 267
21 385
21 384
21 386
21 408
64 685
64 684
64 686
64 788
51 555
51 554
51 556
51 579
21 531
21 530
21 532
21 581
284 569
284 585
44 485
44 484
44 486
44 559
54 460
54 459
54 461
54 477
291 583
291 812
226 910
226 909
226 911
226 974
46 505
46 504
46 506
46 544
118 723
118 722
118 724
118 754
186 750
186 749
186 751
186 887
16 33
16 37
16 583
16 582
16 584
16 652
226 453
226 636
88 358
88 357
88 359
88 392
23 98
23 97
23 99
23 120
147 594
147 593
147 595
147 616
54 847
54 846
54 848
54 931
132 265
132 480
120 241
120 429
206 830
206 829
206 831
206 866
130 795
130 794
130 796
130 849
92 374
92 373
92 375
92 533
76 471
76 470
76 472
76 487
13 222
13 221
13 223
13 248
131 801
131 800
131 802
131 834
198 798
198 797
198 799
198 911
48 198
48 197
48 199
48 251
204 822
204 821
204 823
204 941
121 741
121 740
121 742
121 905
165 666
165 665
165 667
165 754
330 661
330 702
29 584
29 583
29 585
29 645
232 465
232 470
266 533
266 988
116 711
116 710
116 712
116 928
249 856
107 276
5 395
5 397
5 437
226 893
130 794
130 796
130 918
33 212
33 214
33 232
200 795
80 325
80 327
80 486
102 413
102 415
102 597
90 359
33 374
33 376
33 406
216 692
413 831
389 881
348 765
19 909
19 911
19 981
255 962
20 512
20 514
20 581
300 778
96 389
96 391
96 472
100 326
47 296
47 298
47 310
60 785
60 787
60 842
367 932
118 400
93 771
93 773
93 839
30 890
30 892
30 946
342 910
222 893
222 895
222 969
135 545
135 547
135 791
18 281
18 283
18 331
66 269
66 271
66 348
149 506
20 844
20 846
20 916
151 538
357 717
233 937
233 939
233 945
38 157
38 159
38 213
214 861
214 863
214 884
9 173
9 175
9 207
370 930
71 595
71 597
71 669
48 887
48 889
48 972
232 831
127 776
127 778
127 857
328 696
129 521
129 523
129 627
211 574
423 953
84 699
84 701
84 880
159 641
159 643
159 713
197 793
197 795
197 970
47 748
47 750
47 854
161 649
161 651
161 850
178 530
50 429
248 671
21 692
21 694
21 708
140 854
140 856
140 922
139 561
139 563
139 665
81 329
81 331
81 371
277 867
160 408
86 715
86 717
86 746
334 813
292 624
280 574
84 518
84 520
84 619
289 996
298 837
289 876
90 554
90 556
90 615
74 784
74 786
74 890
299 848
216 858
231 660
289 707
212 853
212 855
212 977
229 678
336 774
84 227
426 929
332 727
58 406
68 570
92 203
38 987
215 714
233 656
78 444
268 849
30 221
387 781
60 257
114 363
316 959
162 601
84 314
15 667
160 951
227 865
223 729
45 993
480 979
66 559
406 966
99 221
177 690
2 841
254 593
225 923
244 603
201 417
196 801
131 568
7 441
127 431
37 578
436 897
388 998
54 752
107 552
164 798
216 528
183 730
248 764
182 411
40 793
155 903
174 551
80 587
164 860
42 383
270 775
98 353
359 910
82 930
79 314
118 885
151 411
204 514
118 591
190 994
39 780
266 571
180 393
18 579
27 603
320 813
133 330
12 606
212 955
191 712
34 520
276 859
21 113
250 725
1 858
166 679
10 240
72 924
1 553
12 879
216 570
118 604
325 934
206 960
190 578
322 973
282 846
291 987
193 764
192 718
38 459
125 396
70 526
448 920
135 444
19 892
366 845
199 614
223 707
180 958
128 277
205 797
200 753
39 730
353 952
418 855
86 422
114 388
83 662
177 735
357 930
161 731
48 171
29 896
407 931
117 575
104 431
53 571
87 976
215 550
35 472
269 757
163 426
235 999
39 938
350 983
276 705
126 735
80 358
129 347
81 826
127 571
331 693
355 864
33 241
434 982
124 644
214 724
34 292
53 265
180 839
101 844
133 582
303 671
27 754
117 662
202 774
72 526
3 558
257 758
52 867
153 876
26 296
249 508
44 828
61 495
249 911
306 734
136 854
360 866
249 773
281 749
101 950
412 967
366 867
323 932
82 385
210 572
389 799
60 454
455 980
189 735
107 483
182 830
195 935
26 674
226 849
74 892
261 930
83 840
23 83
326 677
53 878
232 791
287 995
239 912
316 732
363 853
8 791
20 319
131 795
424 915
204 420
11 826
84 193
21 726
350 828
37 877
160 624
374 913
82 755
95 554
352 896
44 605
125 725
144 638
133 778
104 701
41 261
97 657
205 871
401 824
56 866
83 340
170 649
386 943
54 221
31 686
246 651
334 673
3 249
255 596
186 885
294 757
195 885
4 315
124 939
104 585
91 460
28 221
154 474
444 896
179 686
162 686
379 970
414 882
1 777
180 912
109 772
59 903
90 793
247 732
138 492
165 537
15 305
55 940
228 730
120 830
67 788
65 825
57 399
132 878
246 503
76 546
160 932
224 546
180 593
190 735
401 877
55 901
157 609
1 707
329 1000
130 806
258 572
229 583
240 953
15 596
38 870
118 932
15 401
348 848
439 987
57 703
20 944
11 101
67 912
484 999
113 679
1 533
121 784
16 292
309 929
147 770
36 437
346 933
136 731
12 826
141 848
2 412
199 878
158 883
162 662
121 591
54 758
111 607
173 687
5 972
164 684
30 363
419 873
374 801
72 643
65 797
236 613
115 569
29 882
49 695
174 768
241 742
203 716
122 446
82 328
194 706
305 795
221 531
238 828
234 497
32 1000
382 912
165 557
100 976
211 985
55 550
180 578
144 499
132 751
185 732
39 309
313 633
237 741
32 783
67 946
217 630
69 745
11 793
90 911
191 925
216 911
51 195
131 553
3 600
293 734
176 556
11 46
179 901
71 595
68 963
318 929
173 1000
332 703
312 889
205 967
200 999
124 483
181 580
411 996
51 994
473 962
366 744
113 291
399 989
273 858
258 887
152 670
205 593
227 896
249 664
106 331
47 439
295 644
451 990
187 991
34 920
110 847
89 955
267 968
202 950
256 513
209 827
302 818
93 217
156 843
186 649
197 888
169 643
122 301
75 473
137 545
318 722
186 404
94 227
191 703
14 678
3 715
8 967
223 850
17 246
31 473
76 190
6 105
253 898
51 699
383 913
408 899
67 171
42 630
127 717
21 250
253 541
36 499
90 742
12 796
158 337
68 434
52 428
244 822
368 737
217 667
32 395
152 470
53 998
73 871
99 844
144 616
146 745
356 790
346 730
67 555
29 251
42 88
314 744
147 915
349 934
252 513
141 822
73 805
30 987
151 390
1 978
23 762
5 905
96 779
202 465
12 226
323 981
77 159
63 605
34 335
98 720
152 846
199 932
289 784
66 308
146 641
372 781
271 703
123 983
237 652
183 691
257 674
388 894
244 728
173 398
58 405
169 736
126 526
185 435
221 571
73 588
199 529
232 813
236 914
186 614
281 681
45 808
175 401
152 864
72 455
72 739
155 826
62 180
440 929
23 304
410 846
142 940
338 980
292 828
206 959
39 240
109 635
201 708
314 841
397 949
21 426
32 112
150 388
19 823
348 846
81 531
374 834
